   1.0  0.05263567
   2.0  0.09134534
   3.0  0.12486015
   4.0  0.15383478
   5.0  0.18111262
   6.0  0.20676099
   7.0  0.22854429
   8.0  0.24984409
   9.0  0.26807743
  10.0  0.28525919
  11.0  0.30083372
  12.0  0.31591399
  13.0  0.33009707
  14.0  0.34330859
  15.0  0.35589080
  16.0  0.36804312
  17.0  0.37924573
  18.0  0.39017636
  19.0  0.40073047
  20.0  0.41098495
  21.0  0.42099129
  22.0  0.43037449
  23.0  0.43955314
  24.0  0.44824778
  25.0  0.45677478
  26.0  0.46483745
  27.0  0.47272133
  28.0  0.48028239
  29.0  0.48775460
  30.0  0.49513390
  31.0  0.50224255
  32.0  0.50928835
  33.0  0.51618169
  34.0  0.52276639
  35.0  0.52918169
  36.0  0.53546322
  37.0  0.54168572
  38.0  0.54770845
  39.0  0.55369204
  40.0  0.55942859
  41.0  0.56504585
  42.0  0.57063288
  43.0  0.57609153
  44.0  0.58145638
  45.0  0.58668562
  46.0  0.59187608
  47.0  0.59694608
  48.0  0.60191001
  49.0  0.60673003
  50.0  0.61151118
  51.0  0.61615620
  52.0  0.62076133
  53.0  0.62525518
  54.0  0.62963971
  55.0  0.63397641
  56.0  0.63821146
  57.0  0.64243075
  58.0  0.64656307
  59.0  0.65058943
  60.0  0.65457274
  61.0  0.65846492
  62.0  0.66230841
  63.0  0.66608571
  64.0  0.66983460
  65.0  0.67355675
  66.0  0.67719829
  67.0  0.68079244
  68.0  0.68434282
  69.0  0.68781370
  70.0  0.69119539
  71.0  0.69449962
  72.0  0.69778555
  73.0  0.70104561
  74.0  0.70425099
  75.0  0.70740859
  76.0  0.71054825
  77.0  0.71364123
  78.0  0.71670886
  79.0  0.71972059
  80.0  0.72270653
  81.0  0.72566125
  82.0  0.72861082
  83.0  0.73152523
  84.0  0.73440590
  85.0  0.73727173
  86.0  0.74008241
  87.0  0.74286826
  88.0  0.74561092
  89.0  0.74833603
  90.0  0.75101515
  91.0  0.75367768
  92.0  0.75631416
  93.0  0.75892690
  94.0  0.76151772
  95.0  0.76408712
  96.0  0.76663901
  97.0  0.76918331
  98.0  0.77169413
  99.0  0.77419113
 100.0  0.77667034
 101.0  0.77912228
 102.0  0.78155634
 103.0  0.78395216
 104.0  0.78633553
 105.0  0.78871494
 106.0  0.79106797
 107.0  0.79339743
 108.0  0.79571213
 109.0  0.79801798
 110.0  0.80030632
 111.0  0.80257193
 112.0  0.80481331
 113.0  0.80704081
 114.0  0.80924083
 115.0  0.81141582
 116.0  0.81356023
 117.0  0.81567571
 118.0  0.81778210
 119.0  0.81985826
 120.0  0.82192856
 121.0  0.82397033
 122.0  0.82600594
 123.0  0.82801438
 124.0  0.83001412
 125.0  0.83200602
 126.0  0.83397772
 127.0  0.83592092
 128.0  0.83784282
 129.0  0.83975492
 130.0  0.84165177
 131.0  0.84351446
 132.0  0.84537496
 133.0  0.84720943
 134.0  0.84901864
 135.0  0.85081943
 136.0  0.85258647
 137.0  0.85434230
 138.0  0.85608018
 139.0  0.85780885
 140.0  0.85952061
 141.0  0.86121281
 142.0  0.86288676
 143.0  0.86454987
 144.0  0.86620684
 145.0  0.86784315
 146.0  0.86946597
 147.0  0.87107617
 148.0  0.87265518
 149.0  0.87422464
 150.0  0.87578489
 151.0  0.87733563
 152.0  0.87887552
 153.0  0.88039836
 154.0  0.88190956
 155.0  0.88341482
 156.0  0.88490483
 157.0  0.88638521
 158.0  0.88784407
 159.0  0.88929626
 160.0  0.89073646
 161.0  0.89217254
 162.0  0.89360611
 163.0  0.89503159
 164.0  0.89643978
 165.0  0.89783602
 166.0  0.89922230
 167.0  0.90060638
 168.0  0.90198052
 169.0  0.90334633
 170.0  0.90470735
 171.0  0.90606512
 172.0  0.90740219
 173.0  0.90873506
 174.0  0.91005621
 175.0  0.91136681
 176.0  0.91266860
 177.0  0.91395844
 178.0  0.91523842
 179.0  0.91650834
 180.0  0.91777461
 181.0  0.91902141
 182.0  0.92026459
 183.0  0.92149641
 184.0  0.92272261
 185.0  0.92393884
 186.0  0.92514911
 187.0  0.92635063
 188.0  0.92753688
 189.0  0.92872014
 190.0  0.92989790
 191.0  0.93107216
 192.0  0.93223349
 193.0  0.93339069
 194.0  0.93453602
 195.0  0.93567277
 196.0  0.93680447
 197.0  0.93791249
 198.0  0.93900887
 199.0  0.94009624
 200.0  0.94117388
 201.0  0.94224000
 202.0  0.94329522
 203.0  0.94431637
 204.0  0.94533445
 205.0  0.94632512
 206.0  0.94730827
 207.0  0.94825752
 208.0  0.94919505
 209.0  0.95012453
 210.0  0.95103425
 211.0  0.95194244
 212.0  0.95283240
 213.0  0.95372023
 214.0  0.95458550
 215.0  0.95543579
 216.0  0.95627294
 217.0  0.95708923
 218.0  0.95789091
 219.0  0.95867172
 220.0  0.95943778
 221.0  0.96019895
 222.0  0.96094621
 223.0  0.96168603
 224.0  0.96242520
 225.0  0.96314397
 226.0  0.96385264
 227.0  0.96455210
 228.0  0.96525004
 229.0  0.96593654
 230.0  0.96661091
 231.0  0.96727218
 232.0  0.96793096
 233.0  0.96858047
 234.0  0.96922702
 235.0  0.96986967
 236.0  0.97049978
 237.0  0.97112844
 238.0  0.97175435
 239.0  0.97237717
 240.0  0.97298892
 241.0  0.97359303
 242.0  0.97419460
 243.0  0.97479177
 244.0  0.97538168
 245.0  0.97596358
 246.0  0.97653937
 247.0  0.97710998
 248.0  0.97767880
 249.0  0.97823874
 250.0  0.97879576
 251.0  0.97934697
 252.0  0.97989374
 253.0  0.98043310
 254.0  0.98096465
 255.0  0.98148772
 256.0  0.98200479
 257.0  0.98251853
 258.0  0.98302903
 259.0  0.98353354
 260.0  0.98403594
 261.0  0.98453383
 262.0  0.98502742
 263.0  0.98551752
 264.0  0.98600574
 265.0  0.98649076
 266.0  0.98697114
 267.0  0.98744858
 268.0  0.98792164
 269.0  0.98839244
 270.0  0.98885527
 271.0  0.98931547
 272.0  0.98977117
 273.0  0.99022624
 274.0  0.99067980
 275.0  0.99113263
 276.0  0.99158136
 277.0  0.99202940
 278.0  0.99247356
 279.0  0.99291392
 280.0  0.99334556
 281.0  0.99377306
 282.0  0.99419896
 283.0  0.99462039
 284.0  0.99504041
 285.0  0.99545355
 286.0  0.99586509
 287.0  0.99627512
 288.0  0.99668177
 289.0  0.99706261
 290.0  0.99744104
 291.0  0.99781804
 292.0  0.99819358
 293.0  0.99856639
 294.0  0.99893053
 295.0  0.99929410
 296.0  0.99964847
 297.0  0.99999988
 298.0  1.00000019
 299.0  1.00000026
 300.0  1.00000029
 301.0  1.00000025
 302.0  1.00000018
 303.0  1.00000000
