     1.500    0.002
     2.500    0.049
     3.500    0.101
     4.500    0.107
     5.500    0.107
     6.500    0.104
     7.500    0.095
     8.500    0.081
     9.500    0.069
    10.500    0.058
    11.500    0.049
    12.500    0.042
    13.500    0.033
    14.500    0.027
    15.500    0.021
    16.500    0.016
    17.500    0.012
    18.500    0.008
    19.500    0.006
    20.500    0.004
    21.500    0.003
    22.500    0.002
    23.500    0.001
    24.500    0.001
    25.500    0.001
    26.500    0.000
    27.500    0.000
    28.500    0.000
    29.500    0.000
    30.500    0.000
    31.500    0.000
    32.500    0.000
    33.500    0.000
    34.500    0.000
    35.500    0.000
    36.500    0.000
