       1.0    8.0
       2.0    6.0
       3.0    6.0
       4.0    9.0
       5.0    8.0
       6.0    7.0
       7.0    6.0
       8.0    9.0
       9.0    9.0
      10.0   11.0
      11.0    6.0
      12.0    6.0
      13.0    7.0
      14.0    9.0
      15.0    8.0
      16.0    6.0
      17.0    8.0
      18.0    8.0
      19.0    9.0
      20.0   13.0
      21.0    8.0
      22.0    3.0
      23.0    9.0
      24.0   10.0
      25.0    9.0
      26.0   12.0
      27.0   10.0
      28.0    8.0
      29.0    9.0
      30.0    9.0
      31.0    9.0
      32.0   10.0
      33.0   11.0
      34.0    9.0
      35.0    6.0
      36.0    6.0
      37.0    8.0
      38.0    5.0
      39.0   11.0
      40.0    6.0
      41.0   13.0
      42.0    9.0
      43.0    7.0
      44.0   10.0
      45.0    8.0
      46.0   10.0
      47.0   10.0
      48.0   10.0
      49.0    9.0
      50.0   11.0
      51.0    9.0
      52.0   10.0
      53.0   11.0
      54.0    9.0
      55.0   10.0
      56.0   10.0
      57.0   11.0
      58.0    7.0
      59.0    4.0
      60.0    7.0
      61.0    6.0
      62.0    6.0
      63.0   12.0
      64.0    9.0
      65.0    7.0
      66.0    8.0
      67.0   13.0
      68.0   10.0
      69.0    5.0
      70.0    9.0
      71.0   10.0
      72.0   12.0
      73.0   11.0
      74.0    8.0
      75.0    6.0
      76.0   11.0
      77.0   12.0
      78.0    8.0
      79.0    9.0
      80.0    8.0
      81.0   10.0
      82.0   10.0
      83.0   10.0
      84.0   10.0
      85.0   11.0
      86.0   10.0
      87.0    6.0
      88.0   10.0
      89.0    6.0
      90.0    7.0
      91.0    9.0
      92.0    8.0
      93.0   10.0
      94.0    8.0
      95.0    9.0
      96.0    8.0
      97.0    8.0
      98.0   13.0
      99.0    6.0
     100.0   12.0
     101.0   12.0
     102.0    8.0
     103.0    8.0
     104.0    8.0
     105.0    9.0
     106.0   10.0
     107.0   10.0
     108.0    9.0
     109.0    8.0
     110.0    9.0
     111.0   10.0
     112.0   11.0
     113.0    8.0
     114.0    4.0
     115.0   11.0
     116.0    6.0
     117.0    8.0
     118.0    8.0
     119.0    3.0
     120.0    9.0
     121.0    9.0
     122.0    4.0
     123.0   12.0
     124.0    9.0
     125.0    9.0
     126.0    9.0
     127.0   12.0
     128.0    9.0
     129.0   10.0
     130.0    3.0
     131.0    7.0
     132.0   10.0
     133.0    4.0
