   2.0  0.0078
   3.0  0.0059
   4.0  0.0021
   5.0  0.0034
   6.0  0.0025
   7.0  0.0037
   8.0  0.0052
   9.0  0.0052
  10.0  0.0044
  11.0  0.0078
  12.0  0.0118
  13.0  0.0293
  14.0  0.0465
  15.0  0.0449
  16.0  0.0154
  17.0  0.0094
  18.0  0.0086
  19.0  0.0069
  20.0  0.0091
  21.0  0.0042
  22.0  0.0045
  23.0  0.0035
  24.0  0.0060
  25.0  0.0041
  26.0  0.0169
  27.0  0.0138
  28.0  0.0077
  29.0  0.0060
  30.0  0.0126
  31.0  0.0105
  32.0  0.0169
  33.0  0.0089
  34.0  0.0160
  35.0  0.0131
  36.0  0.0157
  37.0  0.0084
  38.0  0.0166
  39.0  0.0122
  40.0  0.0102
  41.0  0.0051
  42.0  0.0028
  43.0  0.0009
  44.0  0.0017
  45.0  0.0013
  46.0  0.0016
  47.0  0.0023
  48.0  0.0061
  49.0  0.0060
  50.0  0.0047
  51.0  0.0082
  52.0  0.0199
  53.0  0.0111
  54.0  0.0243
  55.0  0.0378
  56.0  0.0176
  57.0  0.0150
  58.0  0.0104
  59.0  0.0166
  60.0  0.0088
  61.0  0.0040
  62.0  0.0022
  63.0  0.0042
  64.0  0.0037
  65.0  0.0015
  66.0  0.0015
  67.0  0.0013
  68.0  0.0015
  69.0  0.0013
  70.0  0.0045
  71.0  0.0092
  72.0  0.0175
  73.0  0.0094
  74.0  0.0057
  75.0  0.0085
  76.0  0.0059
  77.0  0.0284
  78.0  0.0213
  79.0  0.0108
  80.0  0.0136
  81.0  0.0131
  82.0  0.0073
  83.0  0.0072
  84.0  0.0091
  85.0  0.0101
  86.0  0.0087
  87.0  0.0079
  88.0  0.0126
  89.0  0.0114
  90.0  0.0097
  91.0  0.0148
  92.0  0.0154
  93.0  0.0121
  94.0  0.0081
  95.0  0.0045
  96.0  0.0053
  97.0  0.0033
  98.0  0.0014
  99.0  0.0014
 100.0  0.0025
 101.0  0.0081
 102.0  0.0301
