     1.0  0.64855E+01
     2.0  0.55618E+01
     3.0  0.51752E+01
     4.0  0.48119E+01
     5.0  0.46689E+01
     6.0  0.45273E+01
     7.0  0.41722E+01
     8.0  0.41257E+01
     9.0  0.38171E+01
    10.0  0.37054E+01
    11.0  0.35279E+01
    12.0  0.34714E+01
    13.0  0.33666E+01
    14.0  0.32492E+01
    15.0  0.31709E+01
    16.0  0.31163E+01
    17.0  0.29920E+01
    18.0  0.29555E+01
    19.0  0.29041E+01
    20.0  0.28626E+01
    21.0  0.28278E+01
    22.0  0.27383E+01
    23.0  0.27083E+01
    24.0  0.26359E+01
    25.0  0.26104E+01
    26.0  0.25383E+01
    27.0  0.25100E+01
    28.0  0.24581E+01
    29.0  0.24436E+01
    30.0  0.24284E+01
    31.0  0.23834E+01
    32.0  0.23729E+01
    33.0  0.23470E+01
    34.0  0.22939E+01
    35.0  0.22642E+01
    36.0  0.22405E+01
    37.0  0.22299E+01
    38.0  0.21938E+01
    39.0  0.21867E+01
    40.0  0.21411E+01
    41.0  0.21187E+01
    42.0  0.21130E+01
    43.0  0.20886E+01
    44.0  0.20705E+01
    45.0  0.20442E+01
    46.0  0.20366E+01
    47.0  0.20128E+01
    48.0  0.19917E+01
    49.0  0.19626E+01
    50.0  0.19547E+01
    51.0  0.19266E+01
    52.0  0.19183E+01
    53.0  0.18950E+01
    54.0  0.18718E+01
    55.0  0.18616E+01
    56.0  0.18396E+01
    57.0  0.18362E+01
    58.0  0.18172E+01
    59.0  0.17938E+01
    60.0  0.17841E+01
    61.0  0.17636E+01
    62.0  0.17525E+01
    63.0  0.17374E+01
    64.0  0.17308E+01
    65.0  0.17247E+01
    66.0  0.17059E+01
    67.0  0.16947E+01
    68.0  0.16844E+01
    69.0  0.16654E+01
    70.0  0.16439E+01
    71.0  0.16250E+01
    72.0  0.16204E+01
    73.0  0.16141E+01
    74.0  0.16005E+01
    75.0  0.15885E+01
    76.0  0.15840E+01
    77.0  0.15722E+01
    78.0  0.15657E+01
    79.0  0.15514E+01
    80.0  0.15447E+01
    81.0  0.15366E+01
    82.0  0.15353E+01
    83.0  0.15261E+01
    84.0  0.15172E+01
    85.0  0.15133E+01
    86.0  0.14987E+01
    87.0  0.14921E+01
    88.0  0.14804E+01
    89.0  0.14757E+01
    90.0  0.14632E+01
    91.0  0.14587E+01
    92.0  0.14515E+01
    93.0  0.14450E+01
    94.0  0.14389E+01
    95.0  0.14329E+01
    96.0  0.14280E+01
    97.0  0.14259E+01
    98.0  0.14165E+01
    99.0  0.14126E+01
   100.0  0.14075E+01
   101.0  0.13998E+01
   102.0  0.13947E+01
   103.0  0.13837E+01
   104.0  0.13801E+01
   105.0  0.13789E+01
   106.0  0.13713E+01
   107.0  0.13644E+01
   108.0  0.13600E+01
   109.0  0.13574E+01
   110.0  0.13523E+01
   111.0  0.13455E+01
   112.0  0.13383E+01
   113.0  0.13342E+01
   114.0  0.13259E+01
   115.0  0.13184E+01
   116.0  0.13091E+01
   117.0  0.13002E+01
   118.0  0.12974E+01
   119.0  0.12881E+01
   120.0  0.12862E+01
   121.0  0.12773E+01
   122.0  0.12754E+01
   123.0  0.12669E+01
   124.0  0.12641E+01
   125.0  0.12617E+01
   126.0  0.12552E+01
   127.0  0.12461E+01
   128.0  0.12393E+01
   129.0  0.12361E+01
   130.0  0.12312E+01
   131.0  0.12200E+01
   132.0  0.12193E+01
   133.0  0.12108E+01
   134.0  0.12024E+01
   135.0  0.11996E+01
   136.0  0.11883E+01
   137.0  0.11845E+01
   138.0  0.11785E+01
   139.0  0.11753E+01
   140.0  0.11696E+01
   141.0  0.11629E+01
   142.0  0.11566E+01
   143.0  0.11528E+01
   144.0  0.11507E+01
   145.0  0.11435E+01
   146.0  0.11388E+01
   147.0  0.11343E+01
   148.0  0.11233E+01
   149.0  0.11199E+01
   150.0  0.11166E+01
   151.0  0.11132E+01
   152.0  0.11093E+01
   153.0  0.11031E+01
   154.0  0.10989E+01
   155.0  0.10968E+01
   156.0  0.10912E+01
   157.0  0.10877E+01
   158.0  0.10797E+01
   159.0  0.10773E+01
   160.0  0.10728E+01
   161.0  0.10713E+01
   162.0  0.10703E+01
   163.0  0.10673E+01
   164.0  0.10608E+01
   165.0  0.10563E+01
   166.0  0.10525E+01
   167.0  0.10517E+01
   168.0  0.10479E+01
   169.0  0.10447E+01
   170.0  0.10429E+01
   171.0  0.10416E+01
   172.0  0.10337E+01
   173.0  0.10320E+01
   174.0  0.10275E+01
   175.0  0.10234E+01
   176.0  0.10199E+01
   177.0  0.10153E+01
   178.0  0.10114E+01
   179.0  0.10074E+01
   180.0  0.10059E+01
   181.0  0.99817E+00
   182.0  0.99672E+00
   183.0  0.99216E+00
   184.0  0.98989E+00
   185.0  0.98586E+00
   186.0  0.98344E+00
   187.0  0.97988E+00
   188.0  0.97363E+00
   189.0  0.97240E+00
   190.0  0.97014E+00
   191.0  0.96870E+00
   192.0  0.96335E+00
   193.0  0.96163E+00
   194.0  0.95669E+00
   195.0  0.95310E+00
   196.0  0.95098E+00
   197.0  0.94098E+00
   198.0  0.93602E+00
   199.0  0.93217E+00
   200.0  0.92799E+00
   201.0  0.92302E+00
   202.0  0.91829E+00
   203.0  0.90334E+00
   204.0  0.90198E+00
   205.0  0.88975E+00
   206.0  0.88637E+00
   207.0  0.87096E+00
   208.0  0.86556E+00
   209.0  0.86184E+00
   210.0  0.85263E+00
   211.0  0.85191E+00
   212.0  0.84332E+00
   213.0  0.84231E+00
   214.0  0.83154E+00
   215.0  0.82431E+00
   216.0  0.81791E+00
   217.0  0.80766E+00
   218.0  0.80040E+00
   219.0  0.78991E+00
   220.0  0.78241E+00
   221.0  0.77991E+00
   222.0  0.77275E+00
   223.0  0.76890E+00
   224.0  0.76856E+00
   225.0  0.75788E+00
   226.0  0.75254E+00
   227.0  0.74763E+00
   228.0  0.74682E+00
   229.0  0.74067E+00
   230.0  0.73410E+00
   231.0  0.72693E+00
   232.0  0.72557E+00
   233.0  0.72044E+00
   234.0  0.71880E+00
   235.0  0.71662E+00
   236.0  0.70960E+00
   237.0  0.70878E+00
   238.0  0.70723E+00
   239.0  0.70548E+00
   240.0  0.69919E+00
   241.0  0.69481E+00
   242.0  0.69334E+00
   243.0  0.69081E+00
   244.0  0.68659E+00
   245.0  0.68191E+00
   246.0  0.67833E+00
   247.0  0.67527E+00
   248.0  0.67421E+00
   249.0  0.66892E+00
   250.0  0.66718E+00
   251.0  0.66369E+00
   252.0  0.66101E+00
   253.0  0.65652E+00
   254.0  0.65175E+00
   255.0  0.64652E+00
   256.0  0.64281E+00
   257.0  0.64073E+00
   258.0  0.63871E+00
   259.0  0.63495E+00
   260.0  0.63362E+00
   261.0  0.63077E+00
   262.0  0.62804E+00
   263.0  0.62582E+00
   264.0  0.62461E+00
   265.0  0.62257E+00
   266.0  0.61958E+00
   267.0  0.61768E+00
   268.0  0.61485E+00
   269.0  0.61337E+00
   270.0  0.60816E+00
   271.0  0.60643E+00
   272.0  0.60346E+00
   273.0  0.60304E+00
   274.0  0.60204E+00
   275.0  0.60155E+00
   276.0  0.59882E+00
   277.0  0.59836E+00
   278.0  0.59576E+00
   279.0  0.59321E+00
   280.0  0.58731E+00
   281.0  0.58449E+00
   282.0  0.58339E+00
   283.0  0.58032E+00
   284.0  0.57935E+00
   285.0  0.57459E+00
   286.0  0.57347E+00
   287.0  0.57242E+00
   288.0  0.57006E+00
   289.0  0.55166E+00
   290.0  0.54992E+00
   291.0  0.54888E+00
   292.0  0.54781E+00
   293.0  0.54582E+00
   294.0  0.53944E+00
   295.0  0.53901E+00
   296.0  0.53215E+00
   297.0  0.52992E+00
