    55.500    0.000
    56.500    0.000
    57.500    0.000
    58.500    0.000
    59.500    0.000
    60.500    0.001
    61.500    0.002
    62.500    0.003
    63.500    0.005
    64.500    0.008
    65.500    0.012
    66.500    0.016
    67.500    0.022
    68.500    0.027
    69.500    0.033
    70.500    0.041
    71.500    0.049
    72.500    0.059
    73.500    0.065
    74.500    0.074
    75.500    0.079
    76.500    0.086
    77.500    0.084
    78.500    0.081
    79.500    0.071
    80.500    0.061
    81.500    0.046
    82.500    0.032
    83.500    0.021
    84.500    0.011
    85.500    0.006
    86.500    0.003
    87.500    0.001
    88.500    0.000
    89.500    0.000
    90.500    0.000
    91.500    0.000
    92.500    0.000
