   0.0   0.00000
   0.5   0.81243
   1.5   0.67378
   2.5   0.64928
   3.5   0.53712
   4.5   0.48747
   5.5   0.50444
   6.5   0.44017
   7.5   0.43211
   8.5   0.38205
   9.5   0.33813
  10.5   0.29829
  11.5   0.28329
  12.5   0.25523
  13.5   0.21956
  14.5   0.20766
  15.5   0.19865
  16.5   0.16503
  17.5   0.15147
  18.5   0.14187
  19.5   0.13976
  20.5   0.12592
  21.5   0.10285
  22.5   0.09767
  23.5   0.08653
  24.5   0.08385
  25.5   0.07438
  26.5   0.06689
  27.5   0.05192
  28.5   0.05854
  29.5   0.05502
  30.5   0.05049
  31.5   0.04160
  32.5   0.04144
  33.5   0.03565
  34.5   0.02979
  35.5   0.02783
  36.5   0.02867
  37.5   0.02556
  38.5   0.02252
  39.5   0.02029
  40.5   0.01773
  41.5   0.01672
  42.5   0.01625
  43.5   0.01444
  44.5   0.01406
  45.5   0.01583
  46.5   0.01109
  47.5   0.01123
  48.5   0.00949
  49.5   0.00850
  50.5   0.00823
  51.5   0.00612
  52.5   0.00758
  53.5   0.00543
  54.5   0.00651
  55.5   0.00381
  56.5   0.00509
  57.5   0.00417
  58.5   0.00303
  59.5   0.00261
  60.5   0.00253
  61.5   0.00265
  62.5   0.00216
  63.5   0.00225
  64.5   0.00314
  65.5   0.00178
  66.5   0.00151
  67.5   0.00148
  68.5   0.00119
  69.5   0.00075
  70.5   0.00076
  71.5   0.00134
  72.5   0.00050
  73.5   0.00062
  74.5   0.00068
  75.5   0.00053
  76.5   0.00059
  77.5   0.00034
  78.5   0.00034
  79.5   0.00049
  80.5   0.00056
  81.5   0.00034
  82.5   0.00042
  83.5   0.00014
  84.5   0.00023
  85.5   0.00027
  86.5   0.00044
  87.5   0.00034
  88.5   0.00009
  89.5   0.00011
  90.5   0.00013
  91.5   0.00016
  92.5   0.00013
  93.5   0.00017
  94.5   0.00009
  95.5   0.00006
  96.5   0.00005
  97.5   0.00013
  98.5   0.00010
  99.5   0.00012
 100.5   0.00007
 101.5   0.00002
 102.5   0.00002
 103.5   0.00006
 104.5   0.00007
 105.5   0.00006
 106.5   0.00006
 107.5   0.00005
 108.5   0.00002
 109.5   0.00002
 110.5   0.00006
 111.5   0.00003
 112.5   0.00001
 113.5   0.00001
 114.5   0.00001
 115.5   0.00002
 116.5   0.00002
 117.5   0.00001
 118.5   0.00001
 119.5   0.00000
 120.5   0.00000
 121.5   0.00000
 122.5   0.00001
 123.5   0.00001
 124.5   0.00001
 125.5   0.00001
 126.5   0.00001
 127.5   0.00001
 128.5   0.00001
 129.5   0.00002
 130.5   0.00000
 131.5   0.00000
 132.5   0.00001
 133.5   0.00000
 134.5   0.00000
 135.5   0.00000
 136.5   0.00000
 137.5   0.00000
 138.5   0.00001
 139.5   0.00000
 140.5   0.00000
 141.5   0.00000
 142.5   0.00001
 143.5   0.00000
 144.5   0.00000
 145.5   0.00000
 146.5   0.00001
 147.5   0.00000
 148.5   0.00000
 149.5   0.00000
 150.5   0.00000
 151.5   0.00000
 152.5   0.00000
 153.5   0.00000
 154.5   0.00000
 155.5   0.00000
 156.5   0.00000
 157.5   0.00000
 158.5   0.00000
 159.5   0.00000
 160.5   0.00000
 161.5   0.00000
 162.5   0.00001
 163.5   0.00000
 164.5   0.00000
 165.5   0.00000
 166.5   0.00000
 167.5   0.00000
 168.5   0.00000
 169.5   0.00000
 170.5   0.00000
 171.5   0.00000
 172.5   0.00000
 173.5   0.00000
 174.5   0.00000
 175.5   0.00000
 176.5   0.00000
 177.5   0.00000
 178.5   0.00000
 179.5   0.00000
 180.5   0.00000
 181.5   0.00000
 182.5   0.00000
 183.5   0.00000
 184.5   0.00000
 185.5   0.00000
 186.5   0.00000
 187.5   0.00000
 188.5   0.00000
 189.5   0.00000
 190.5   0.00000
 191.5   0.00001
 192.5   0.00000
 193.5   0.00000
 194.5   0.00000
 195.5   0.00000
 196.5   0.00000
 197.5   0.00000
 198.5   0.00000
 199.5   0.00000
 200.5   0.00000
 201.5   0.00000
 202.5   0.00000
 203.5   0.00000
 204.5   0.00000
 205.5   0.00000
 206.5   0.00000
 207.5   0.00000
 208.5   0.00000
 209.5   0.00000
 210.5   0.00000
 211.5   0.00000
 212.5   0.00000
 213.5   0.00000
 214.5   0.00000
 215.5   0.00000
 216.5   0.00000
 217.5   0.00000
 218.5   0.00000
 219.5   0.00000
 220.5   0.00000
 221.5   0.00000
 222.5   0.00000
 223.5   0.00000
 224.5   0.00000
 225.5   0.00000
 226.5   0.00000
 227.5   0.00000
 228.5   0.00000
 229.5   0.00000
 230.5   0.00000
 231.5   0.00000
 232.5   0.00000
 233.5   0.00000
 234.5   0.00000
 235.5   0.00000
 236.5   0.00000
 237.5   0.00000
 238.5   0.00000
 239.5   0.00000
 240.5   0.00000
 241.5   0.00000
 242.5   0.00000
 243.5   0.00000
 244.5   0.00000
 245.5   0.00000
 246.5   0.00000
 247.5   0.00000
 248.5   0.00000
 249.5   0.00000
 250.5   0.00000
 251.5   0.00000
 252.5   0.00000
 253.5   0.00000
 254.5   0.00000
 255.5   0.00000
 256.5   0.00000
 257.5   0.00000
 258.5   0.00000
 259.5   0.00000
 260.5   0.00000
 261.5   0.00000
 262.5   0.00000
 263.5   0.00000
 264.5   0.00000
 265.5   0.00000
 266.5   0.00000
 267.5   0.00000
 268.5   0.00000
 269.5   0.00000
 270.5   0.00000
 271.5   0.00000
 272.5   0.00000
 273.5   0.00000
 274.5   0.00000
 275.5   0.00000
 276.5   0.00000
 277.5   0.00000
 278.5   0.00000
 279.5   0.00000
 280.5   0.00000
 281.5   0.00000
 282.5   0.00000
 283.5   0.00000
 284.5   0.00000
 285.5   0.00000
 286.5   0.00000
 287.5   0.00000
 288.5   0.00000
 289.5   0.00000
 290.5   0.00000
 291.5   0.00000
 292.5   0.00000
 293.5   0.00000
 294.5   0.00000
 295.5   0.00000
 296.5   0.00000
 297.5   0.00000
 298.5   0.00000
 299.5   0.00000
 300.5   0.00000
 301.5   0.00000
 302.5   0.00000
 303.5   0.00000
