 0.0937762
 0.0777723
 0.0749438
 0.0619987
 0.0562671
 0.0582259
 0.0508074
 0.0498771
 0.0440988
 0.0390293
 0.0344301
 0.0326987
 0.0294604
 0.0253431
 0.0239701
 0.0229301
 0.0190489
 0.0174843
 0.0163756
 0.0161321
 0.0145345
 0.0118711
 0.0112737
 0.0099879
 0.0096791
 0.0085854
 0.0077203
 0.0059930
 0.0067571
 0.0063508
 0.0058273
 0.0048018
 0.0047833
 0.0041150
 0.0034386
 0.0032129
 0.0033099
 0.0029503
 0.0025988
 0.0023414
 0.0020465
 0.0019294
 0.0018757
 0.0016668
 0.0016229
 0.0018278
 0.0012801
 0.0012957
 0.0010948
 0.0009806
 0.0009500
 0.0007064
 0.0008749
 0.0006273
 0.0007509
 0.0004404
 0.0005881
 0.0004813
 0.0003497
 0.0003013
 0.0002920
 0.0003059
 0.0002499
 0.0002597
 0.0003630
 0.0002049
 0.0001737
 0.0001708
 0.0001374
 0.0000866
 0.0000883
 0.0001541
 0.0000577
 0.0000716
 0.0000791
 0.0000612
 0.0000675
 0.0000398
 0.0000398
 0.0000571
 0.0000641
 0.0000387
 0.0000491
 0.0000162
 0.0000265
 0.0000312
 0.0000502
 0.0000398
 0.0000104
 0.0000121
 0.0000144
 0.0000190
 0.0000150
 0.0000202
 0.0000104
 0.0000063
 0.0000052
 0.0000150
 0.0000115
 0.0000133
 0.0000087
 0.0000023
 0.0000017
 0.0000069
 0.0000087
 0.0000063
 0.0000063
 0.0000052
 0.0000023
 0.0000017
 0.0000069
 0.0000029
 0.0000006
 0.0000012
 0.0000012
 0.0000017
 0.0000023
 0.0000006
 0.0000006
 0.0000000
 0.0000000
 0.0000000
 0.0000006
 0.0000012
 0.0000006
 0.0000012
 0.0000006
 0.0000006
 0.0000006
 0.0000017
 0.0000000
 0.0000000
 0.0000006
 0.0000000
 0.0000000
 0.0000000
 0.0000000
 0.0000000
 0.0000006
 0.0000000
 0.0000000
 0.0000000
 0.0000006
 0.0000000
 0.0000000
 0.0000000
 0.0000006
 0.0000000
 0.0000000
 0.0000000
 0.0000000
 0.0000000
 0.0000000
 0.0000000
 0.0000000
 0.0000000
 0.0000000
 0.0000000
 0.0000000
 0.0000000
 0.0000000
 0.0000000
 0.0000006
 0.0000000
 0.0000000
 0.0000000
 0.0000000
 0.0000000
 0.0000000
 0.0000000
 0.0000000
 0.0000000
 0.0000000
 0.0000000
 0.0000000
 0.0000000
 0.0000000
 0.0000000
 0.0000000
 0.0000000
 0.0000000
 0.0000000
 0.0000000
 0.0000000
 0.0000000
 0.0000000
 0.0000000
 0.0000000
 0.0000000
 0.0000000
 0.0000000
 0.0000006
 0.0000000
 0.0000000
 0.0000000
 0.0000000
 0.0000000
 0.0000000
 0.0000000
 0.0000000
 0.0000000
 0.0000000
 0.0000000
 0.0000000
 0.0000000
 0.0000000
 0.0000000
 0.0000000
 0.0000000
 0.0000000
 0.0000000
 0.0000000
 0.0000000
 0.0000000
 0.0000000
 0.0000000
 0.0000000
 0.0000000
 0.0000000
 0.0000000
 0.0000000
 0.0000000
 0.0000000
 0.0000000
 0.0000000
 0.0000000
 0.0000000
 0.0000000
 0.0000000
 0.0000000
 0.0000000
 0.0000000
 0.0000000
 0.0000000
 0.0000000
 0.0000000
 0.0000000
 0.0000000
 0.0000000
 0.0000000
 0.0000000
 0.0000000
 0.0000000
 0.0000000
 0.0000000
 0.0000000
 0.0000000
 0.0000000
 0.0000000
 0.0000000
 0.0000000
 0.0000000
 0.0000000
 0.0000000
 0.0000000
 0.0000000
 0.0000000
 0.0000000
 0.0000000
 0.0000000
 0.0000000
 0.0000000
 0.0000000
 0.0000000
 0.0000000
 0.0000000
 0.0000000
 0.0000000
 0.0000000
 0.0000000
 0.0000000
 0.0000000
 0.0000000
 0.0000000
 0.0000000
 0.0000000
 0.0000000
 0.0000000
 0.0000000
 0.0000000
 0.0000000
 0.0000000
 0.0000000
 0.0000000
 0.0000000
 0.0000000
 0.0000000
 0.0000000
 0.0000000
 0.0000000
 0.0000000
 0.0000000
 0.0000000
 0.0000000
 0.0000000
 0.0000000
 0.0000000
 0.0000000
 0.0000000
 0.0000000
 0.0000000
 0.0000000
 0.0000000
