   1.0   0.81243
   2.0   0.67378
   3.0   0.64928
   4.0   0.53712
   5.0   0.48747
   6.0   0.50444
   7.0   0.44017
   8.0   0.43211
   9.0   0.38205
  10.0   0.33813
  11.0   0.29829
  12.0   0.28329
  13.0   0.25523
  14.0   0.21956
  15.0   0.20766
  16.0   0.19865
  17.0   0.16503
  18.0   0.15147
  19.0   0.14187
  20.0   0.13976
  21.0   0.12592
  22.0   0.10285
  23.0   0.09767
  24.0   0.08653
  25.0   0.08385
  26.0   0.07438
  27.0   0.06689
  28.0   0.05192
  29.0   0.05854
  30.0   0.05502
  31.0   0.05049
  32.0   0.04160
  33.0   0.04144
  34.0   0.03565
  35.0   0.02979
  36.0   0.02783
  37.0   0.02867
  38.0   0.02556
  39.0   0.02252
  40.0   0.02029
  41.0   0.01773
  42.0   0.01672
  43.0   0.01625
  44.0   0.01444
  45.0   0.01406
  46.0   0.01583
  47.0   0.01109
  48.0   0.01123
  49.0   0.00949
  50.0   0.00850
  51.0   0.00823
  52.0   0.00612
  53.0   0.00758
  54.0   0.00543
  55.0   0.00651
  56.0   0.00381
  57.0   0.00509
  58.0   0.00417
  59.0   0.00303
  60.0   0.00261
  61.0   0.00253
  62.0   0.00265
  63.0   0.00216
  64.0   0.00225
  65.0   0.00314
  66.0   0.00178
  67.0   0.00151
  68.0   0.00148
  69.0   0.00119
  70.0   0.00075
  71.0   0.00076
  72.0   0.00134
  73.0   0.00050
  74.0   0.00062
  75.0   0.00068
  76.0   0.00053
  77.0   0.00059
  78.0   0.00034
  79.0   0.00034
  80.0   0.00049
  81.0   0.00056
  82.0   0.00034
  83.0   0.00042
  84.0   0.00014
  85.0   0.00023
  86.0   0.00027
  87.0   0.00044
  88.0   0.00034
  89.0   0.00009
  90.0   0.00011
  91.0   0.00013
  92.0   0.00016
  93.0   0.00013
  94.0   0.00017
  95.0   0.00009
  96.0   0.00006
  97.0   0.00005
  98.0   0.00013
  99.0   0.00010
 100.0   0.00012
 101.0   0.00007
 102.0   0.00002
 103.0   0.00002
 104.0   0.00006
 105.0   0.00007
 106.0   0.00006
 107.0   0.00006
 108.0   0.00005
 109.0   0.00002
 110.0   0.00002
 111.0   0.00006
 112.0   0.00003
 113.0   0.00001
 114.0   0.00001
 115.0   0.00001
 116.0   0.00002
 117.0   0.00002
 118.0   0.00001
 119.0   0.00001
 120.0   0.00000
 121.0   0.00000
 122.0   0.00000
 123.0   0.00001
 124.0   0.00001
 125.0   0.00001
 126.0   0.00001
 127.0   0.00001
 128.0   0.00001
 129.0   0.00001
 130.0   0.00002
 131.0   0.00000
 132.0   0.00000
 133.0   0.00001
 134.0   0.00000
 135.0   0.00000
 136.0   0.00000
 137.0   0.00000
 138.0   0.00000
 139.0   0.00001
 140.0   0.00000
 141.0   0.00000
 142.0   0.00000
 143.0   0.00001
 144.0   0.00000
 145.0   0.00000
 146.0   0.00000
 147.0   0.00001
 148.0   0.00000
 149.0   0.00000
 150.0   0.00000
 151.0   0.00000
 152.0   0.00000
 153.0   0.00000
 154.0   0.00000
 155.0   0.00000
 156.0   0.00000
 157.0   0.00000
 158.0   0.00000
 159.0   0.00000
 160.0   0.00000
 161.0   0.00000
 162.0   0.00000
 163.0   0.00001
 164.0   0.00000
 165.0   0.00000
 166.0   0.00000
 167.0   0.00000
 168.0   0.00000
 169.0   0.00000
 170.0   0.00000
 171.0   0.00000
 172.0   0.00000
 173.0   0.00000
 174.0   0.00000
 175.0   0.00000
 176.0   0.00000
 177.0   0.00000
 178.0   0.00000
 179.0   0.00000
 180.0   0.00000
 181.0   0.00000
 182.0   0.00000
 183.0   0.00000
 184.0   0.00000
 185.0   0.00000
 186.0   0.00000
 187.0   0.00000
 188.0   0.00000
 189.0   0.00000
 190.0   0.00000
 191.0   0.00000
 192.0   0.00001
 193.0   0.00000
 194.0   0.00000
 195.0   0.00000
 196.0   0.00000
 197.0   0.00000
 198.0   0.00000
 199.0   0.00000
 200.0   0.00000
 201.0   0.00000
 202.0   0.00000
 203.0   0.00000
 204.0   0.00000
 205.0   0.00000
 206.0   0.00000
 207.0   0.00000
 208.0   0.00000
 209.0   0.00000
 210.0   0.00000
 211.0   0.00000
 212.0   0.00000
 213.0   0.00000
 214.0   0.00000
 215.0   0.00000
 216.0   0.00000
 217.0   0.00000
 218.0   0.00000
 219.0   0.00000
 220.0   0.00000
 221.0   0.00000
 222.0   0.00000
 223.0   0.00000
 224.0   0.00000
 225.0   0.00000
 226.0   0.00000
 227.0   0.00000
 228.0   0.00000
 229.0   0.00000
 230.0   0.00000
 231.0   0.00000
 232.0   0.00000
 233.0   0.00000
 234.0   0.00000
 235.0   0.00000
 236.0   0.00000
 237.0   0.00000
 238.0   0.00000
 239.0   0.00000
 240.0   0.00000
 241.0   0.00000
 242.0   0.00000
 243.0   0.00000
 244.0   0.00000
 245.0   0.00000
 246.0   0.00000
 247.0   0.00000
 248.0   0.00000
 249.0   0.00000
 250.0   0.00000
 251.0   0.00000
 252.0   0.00000
 253.0   0.00000
 254.0   0.00000
 255.0   0.00000
 256.0   0.00000
 257.0   0.00000
 258.0   0.00000
 259.0   0.00000
 260.0   0.00000
 261.0   0.00000
 262.0   0.00000
 263.0   0.00000
 264.0   0.00000
 265.0   0.00000
 266.0   0.00000
 267.0   0.00000
 268.0   0.00000
 269.0   0.00000
 270.0   0.00000
 271.0   0.00000
 272.0   0.00000
 273.0   0.00000
 274.0   0.00000
 275.0   0.00000
 276.0   0.00000
 277.0   0.00000
 278.0   0.00000
 279.0   0.00000
 280.0   0.00000
 281.0   0.00000
 282.0   0.00000
 283.0   0.00000
 284.0   0.00000
 285.0   0.00000
 286.0   0.00000
 287.0   0.00000
 288.0   0.00000
 289.0   0.00000
 290.0   0.00000
 291.0   0.00000
 292.0   0.00000
 293.0   0.00000
 294.0   0.00000
 295.0   0.00000
 296.0   0.00000
 297.0   0.00000
 298.0   0.00000
 299.0   0.00000
 300.0   0.00000
 301.0   0.00000
 302.0   0.00000
 303.0   0.00000
