   0.0   0.00000
   0.5   0.80446
   1.5   0.71295
   2.5   0.73091
   3.5   0.49718
   4.5   0.44547
   5.5   0.40712
   6.5   0.38603
   7.5   0.32166
   8.5   0.28147
   9.5   0.27026
  10.5   0.20358
  11.5   0.17062
  12.5   0.15371
  13.5   0.16900
  14.5   0.13867
  15.5   0.13120
  16.5   0.10115
  17.5   0.09961
  18.5   0.09190
  19.5   0.08594
  20.5   0.07151
  21.5   0.05421
  22.5   0.05538
  23.5   0.04736
  24.5   0.03763
  25.5   0.03504
  26.5   0.03134
  27.5   0.03264
  28.5   0.02745
  29.5   0.02480
  30.5   0.01973
  31.5   0.02430
  32.5   0.02317
  33.5   0.01878
  34.5   0.01958
  35.5   0.01599
  36.5   0.01196
  37.5   0.01337
  38.5   0.00873
  39.5   0.00855
  40.5   0.00796
  41.5   0.00881
  42.5   0.00920
  43.5   0.00532
  44.5   0.00573
  45.5   0.00501
  46.5   0.00297
  47.5   0.00483
  48.5   0.00358
  49.5   0.00336
  50.5   0.00205
  51.5   0.00243
  52.5   0.00133
  53.5   0.00212
  54.5   0.00126
  55.5   0.00330
  56.5   0.00178
  57.5   0.00109
  58.5   0.00133
  59.5   0.00096
  60.5   0.00085
  61.5   0.00057
  62.5   0.00069
  63.5   0.00036
  64.5   0.00078
  65.5   0.00056
  66.5   0.00069
  67.5   0.00026
  68.5   0.00016
  69.5   0.00036
  70.5   0.00036
  71.5   0.00013
  72.5   0.00032
  73.5   0.00007
  74.5   0.00014
  75.5   0.00011
  76.5   0.00009
  77.5   0.00010
  78.5   0.00011
  79.5   0.00004
  80.5   0.00006
  81.5   0.00013
  82.5   0.00004
  83.5   0.00006
  84.5   0.00007
  85.5   0.00003
  86.5   0.00005
  87.5   0.00003
  88.5   0.00003
  89.5   0.00003
  90.5   0.00003
  91.5   0.00001
  92.5   0.00003
  93.5   0.00002
  94.5   0.00000
  95.5   0.00001
  96.5   0.00000
  97.5   0.00000
  98.5   0.00000
  99.5   0.00000
 100.5   0.00001
 101.5   0.00002
 102.5   0.00000
 103.5   0.00000
 104.5   0.00001
 105.5   0.00002
 106.5   0.00001
 107.5   0.00000
 108.5   0.00001
 109.5   0.00000
 110.5   0.00001
 111.5   0.00001
 112.5   0.00001
 113.5   0.00000
 114.5   0.00001
 115.5   0.00000
 116.5   0.00000
 117.5   0.00001
 118.5   0.00000
 119.5   0.00000
 120.5   0.00000
 121.5   0.00000
 122.5   0.00000
 123.5   0.00000
 124.5   0.00000
 125.5   0.00000
 126.5   0.00000
 127.5   0.00000
 128.5   0.00000
 129.5   0.00000
 130.5   0.00000
 131.5   0.00000
 132.5   0.00000
 133.5   0.00000
 134.5   0.00000
 135.5   0.00000
 136.5   0.00000
 137.5   0.00000
 138.5   0.00000
 139.5   0.00000
 140.5   0.00000
 141.5   0.00000
 142.5   0.00000
 143.5   0.00000
 144.5   0.00000
 145.5   0.00000
 146.5   0.00000
 147.5   0.00000
 148.5   0.00000
 149.5   0.00000
 150.5   0.00000
 151.5   0.00000
 152.5   0.00000
 153.5   0.00000
 154.5   0.00000
 155.5   0.00000
 156.5   0.00000
 157.5   0.00000
 158.5   0.00000
 159.5   0.00000
 160.5   0.00000
 161.5   0.00000
 162.5   0.00000
 163.5   0.00000
 164.5   0.00000
 165.5   0.00000
 166.5   0.00000
 167.5   0.00000
 168.5   0.00000
 169.5   0.00000
 170.5   0.00000
 171.5   0.00000
 172.5   0.00000
 173.5   0.00000
 174.5   0.00000
 175.5   0.00000
 176.5   0.00000
 177.5   0.00000
 178.5   0.00000
 179.5   0.00000
 180.5   0.00000
 181.5   0.00000
 182.5   0.00000
 183.5   0.00000
 184.5   0.00000
 185.5   0.00000
 186.5   0.00000
 187.5   0.00000
 188.5   0.00000
 189.5   0.00000
 190.5   0.00000
 191.5   0.00000
 192.5   0.00000
 193.5   0.00000
 194.5   0.00000
 195.5   0.00000
 196.5   0.00000
 197.5   0.00000
 198.5   0.00000
 199.5   0.00000
 200.5   0.00000
 201.5   0.00000
 202.5   0.00000
 203.5   0.00000
 204.5   0.00000
 205.5   0.00000
 206.5   0.00000
 207.5   0.00000
 208.5   0.00000
 209.5   0.00000
 210.5   0.00000
 211.5   0.00000
 212.5   0.00000
 213.5   0.00000
 214.5   0.00000
 215.5   0.00000
 216.5   0.00000
 217.5   0.00000
 218.5   0.00000
 219.5   0.00000
 220.5   0.00000
 221.5   0.00000
 222.5   0.00000
 223.5   0.00000
 224.5   0.00000
 225.5   0.00000
 226.5   0.00000
 227.5   0.00000
 228.5   0.00000
 229.5   0.00000
 230.5   0.00000
 231.5   0.00000
 232.5   0.00000
 233.5   0.00000
 234.5   0.00000
 235.5   0.00000
 236.5   0.00000
 237.5   0.00000
 238.5   0.00000
 239.5   0.00000
 240.5   0.00000
 241.5   0.00000
 242.5   0.00000
 243.5   0.00000
 244.5   0.00000
 245.5   0.00000
 246.5   0.00000
 247.5   0.00000
 248.5   0.00000
 249.5   0.00000
 250.5   0.00000
 251.5   0.00000
 252.5   0.00000
 253.5   0.00000
 254.5   0.00000
 255.5   0.00000
 256.5   0.00000
 257.5   0.00000
 258.5   0.00000
 259.5   0.00000
 260.5   0.00000
 261.5   0.00000
 262.5   0.00000
 263.5   0.00000
 264.5   0.00000
 265.5   0.00000
 266.5   0.00000
 267.5   0.00000
 268.5   0.00000
 269.5   0.00000
 270.5   0.00000
 271.5   0.00000
 272.5   0.00000
 273.5   0.00000
 274.5   0.00000
 275.5   0.00000
 276.5   0.00000
 277.5   0.00000
 278.5   0.00000
 279.5   0.00000
 280.5   0.00000
 281.5   0.00000
 282.5   0.00000
 283.5   0.00000
 284.5   0.00000
 285.5   0.00000
 286.5   0.00000
 287.5   0.00000
 288.5   0.00000
 289.5   0.00000
 290.5   0.00000
 291.5   0.00000
 292.5   0.00000
 293.5   0.00000
 294.5   0.00000
 295.5   0.00000
 296.5   0.00000
 297.5   0.00000
 298.5   0.00000
 299.5   0.00000
 300.5   0.00000
 301.5   0.00000
 302.5   0.00000
 303.5   0.00000
