   1.0  0.06443269
   2.0  0.11154154
   3.0  0.15615222
   4.0  0.18731698
   5.0  0.21275812
   6.0  0.23567783
   7.0  0.25747340
   8.0  0.27602498
   9.0  0.29370860
  10.0  0.31052015
  11.0  0.32532435
  12.0  0.33873717
  13.0  0.35159259
  14.0  0.36403005
  15.0  0.37567934
  16.0  0.38706680
  17.0  0.39790615
  18.0  0.40814833
  19.0  0.41826370
  20.0  0.42799512
  21.0  0.43724579
  22.0  0.44610714
  23.0  0.45458418
  24.0  0.46283305
  25.0  0.47092472
  26.0  0.47860593
  27.0  0.48617591
  28.0  0.49370168
  29.0  0.50102179
  30.0  0.50802875
  31.0  0.51479178
  32.0  0.52149906
  33.0  0.52801329
  34.0  0.53446876
  35.0  0.54070276
  36.0  0.54668163
  37.0  0.55263120
  38.0  0.55844823
  39.0  0.56416604
  40.0  0.56978363
  41.0  0.57534665
  42.0  0.58085775
  43.0  0.58618659
  44.0  0.59135645
  45.0  0.59646362
  46.0  0.60143111
  47.0  0.60627874
  48.0  0.61104441
  49.0  0.61571708
  50.0  0.62034292
  51.0  0.62485310
  52.0  0.62929711
  53.0  0.63370957
  54.0  0.63803134
  55.0  0.64230804
  56.0  0.64653507
  57.0  0.65068762
  58.0  0.65480435
  59.0  0.65879170
  60.0  0.66268631
  61.0  0.66652856
  62.0  0.67033379
  63.0  0.67404838
  64.0  0.67769419
  65.0  0.68130332
  66.0  0.68490249
  67.0  0.68844733
  68.0  0.69187603
  69.0  0.69528492
  70.0  0.69862520
  71.0  0.70193284
  72.0  0.70517253
  73.0  0.70837811
  74.0  0.71153494
  75.0  0.71466074
  76.0  0.71778092
  77.0  0.72087458
  78.0  0.72389419
  79.0  0.72687854
  80.0  0.72981309
  81.0  0.73273903
  82.0  0.73561288
  83.0  0.73847483
  84.0  0.74130890
  85.0  0.74412746
  86.0  0.74688468
  87.0  0.74962457
  88.0  0.75230898
  89.0  0.75497054
  90.0  0.75762033
  91.0  0.76022972
  92.0  0.76279144
  93.0  0.76533199
  94.0  0.76786049
  95.0  0.77037077
  96.0  0.77282894
  97.0  0.77526435
  98.0  0.77768334
  99.0  0.78006554
 100.0  0.78242288
 101.0  0.78476541
 102.0  0.78708068
 103.0  0.78937639
 104.0  0.79165104
 105.0  0.79390843
 106.0  0.79615115
 107.0  0.79838932
 108.0  0.80058887
 109.0  0.80277321
 110.0  0.80493777
 111.0  0.80708722
 112.0  0.80920101
 113.0  0.81128506
 114.0  0.81335323
 115.0  0.81541225
 116.0  0.81744455
 117.0  0.81946433
 118.0  0.82146108
 119.0  0.82344785
 120.0  0.82542543
 121.0  0.82739748
 122.0  0.82935346
 123.0  0.83129422
 124.0  0.83320797
 125.0  0.83510858
 126.0  0.83698584
 127.0  0.83884417
 128.0  0.84069437
 129.0  0.84251997
 130.0  0.84433383
 131.0  0.84612585
 132.0  0.84788846
 133.0  0.84964084
 134.0  0.85137136
 135.0  0.85308857
 136.0  0.85479252
 137.0  0.85649039
 138.0  0.85816277
 139.0  0.85983294
 140.0  0.86148997
 141.0  0.86312738
 142.0  0.86474503
 143.0  0.86635425
 144.0  0.86796187
 145.0  0.86955074
 146.0  0.87112570
 147.0  0.87268822
 148.0  0.87424670
 149.0  0.87578348
 150.0  0.87730940
 151.0  0.87882546
 152.0  0.88032357
 153.0  0.88181913
 154.0  0.88330045
 155.0  0.88477466
 156.0  0.88624746
 157.0  0.88770428
 158.0  0.88915102
 159.0  0.89058634
 160.0  0.89200899
 161.0  0.89342541
 162.0  0.89483147
 163.0  0.89622309
 164.0  0.89759984
 165.0  0.89895711
 166.0  0.90029943
 167.0  0.90163064
 168.0  0.90294973
 169.0  0.90426430
 170.0  0.90557444
 171.0  0.90687285
 172.0  0.90814641
 173.0  0.90941631
 174.0  0.91068226
 175.0  0.91193947
 176.0  0.91317849
 177.0  0.91440778
 178.0  0.91562690
 179.0  0.91683462
 180.0  0.91803546
 181.0  0.91922715
 182.0  0.92041200
 183.0  0.92158596
 184.0  0.92274407
 185.0  0.92390070
 186.0  0.92505190
 187.0  0.92619827
 188.0  0.92733509
 189.0  0.92846591
 190.0  0.92958965
 191.0  0.93070546
 192.0  0.93181518
 193.0  0.93291786
 194.0  0.93400954
 195.0  0.93508668
 196.0  0.93616018
 197.0  0.93722930
 198.0  0.93829419
 199.0  0.93935304
 200.0  0.94040308
 201.0  0.94144482
 202.0  0.94248258
 203.0  0.94351068
 204.0  0.94452885
 205.0  0.94554360
 206.0  0.94654645
 207.0  0.94754603
 208.0  0.94853825
 209.0  0.94951371
 210.0  0.95048267
 211.0  0.95144882
 212.0  0.95238885
 213.0  0.95332602
 214.0  0.95425911
 215.0  0.95518902
 216.0  0.95610726
 217.0  0.95701894
 218.0  0.95791432
 219.0  0.95879699
 220.0  0.95966470
 221.0  0.96049675
 222.0  0.96131760
 223.0  0.96213439
 224.0  0.96294470
 225.0  0.96374594
 226.0  0.96453537
 227.0  0.96529303
 228.0  0.96603830
 229.0  0.96677218
 230.0  0.96748026
 231.0  0.96817844
 232.0  0.96886963
 233.0  0.96954190
 234.0  0.97019929
 235.0  0.97085497
 236.0  0.97149885
 237.0  0.97213774
 238.0  0.97276897
 239.0  0.97339636
 240.0  0.97401658
 241.0  0.97462359
 242.0  0.97522613
 243.0  0.97582036
 244.0  0.97640839
 245.0  0.97699099
 246.0  0.97756361
 247.0  0.97813484
 248.0  0.97869900
 249.0  0.97926148
 250.0  0.97982018
 251.0  0.98037158
 252.0  0.98091628
 253.0  0.98145896
 254.0  0.98199238
 255.0  0.98251547
 256.0  0.98303750
 257.0  0.98354942
 258.0  0.98405848
 259.0  0.98456247
 260.0  0.98506368
 261.0  0.98556216
 262.0  0.98604239
 263.0  0.98651381
 264.0  0.98697967
 265.0  0.98744140
 266.0  0.98790294
 267.0  0.98835954
 268.0  0.98881590
 269.0  0.98926143
 270.0  0.98969910
 271.0  0.99013374
 272.0  0.99056730
 273.0  0.99099277
 274.0  0.99141222
 275.0  0.99182783
 276.0  0.99223596
 277.0  0.99264067
 278.0  0.99304401
 279.0  0.99344639
 280.0  0.99384722
 281.0  0.99424099
 282.0  0.99462590
 283.0  0.99500895
 284.0  0.99539037
 285.0  0.99577014
 286.0  0.99614748
 287.0  0.99652043
 288.0  0.99689018
 289.0  0.99725319
 290.0  0.99760894
 291.0  0.99796264
 292.0  0.99831050
 293.0  0.99865716
 294.0  0.99899755
 295.0  0.99933686
 296.0  0.99967207
 297.0  0.99999970
 298.0  1.00000008
 299.0  1.00000015
 300.0  1.00000020
 301.0  1.00000022
 302.0  1.00000015
 303.0  1.00000000
