     1.0  0.74438E+01
     2.0  0.63649E+01
     3.0  0.61939E+01
     4.0  0.51770E+01
     5.0  0.46775E+01
     6.0  0.44396E+01
     7.0  0.43294E+01
     8.0  0.39942E+01
     9.0  0.38997E+01
    10.0  0.38023E+01
    11.0  0.35681E+01
    12.0  0.33963E+01
    13.0  0.33250E+01
    14.0  0.32705E+01
    15.0  0.31651E+01
    16.0  0.31294E+01
    17.0  0.30531E+01
    18.0  0.29678E+01
    19.0  0.29494E+01
    20.0  0.28929E+01
    21.0  0.28205E+01
    22.0  0.27605E+01
    23.0  0.27000E+01
    24.0  0.26634E+01
    25.0  0.26379E+01
    26.0  0.25701E+01
    27.0  0.25515E+01
    28.0  0.25440E+01
    29.0  0.25090E+01
    30.0  0.24547E+01
    31.0  0.24116E+01
    32.0  0.24017E+01
    33.0  0.23669E+01
    34.0  0.23562E+01
    35.0  0.23154E+01
    36.0  0.22675E+01
    37.0  0.22620E+01
    38.0  0.22366E+01
    39.0  0.22175E+01
    40.0  0.21979E+01
    41.0  0.21872E+01
    42.0  0.21770E+01
    43.0  0.21407E+01
    44.0  0.21085E+01
    45.0  0.20957E+01
    46.0  0.20669E+01
    47.0  0.20418E+01
    48.0  0.20244E+01
    49.0  0.20046E+01
    50.0  0.19945E+01
    51.0  0.19694E+01
    52.0  0.19549E+01
    53.0  0.19480E+01
    54.0  0.19278E+01
    55.0  0.19178E+01
    56.0  0.19066E+01
    57.0  0.18897E+01
    58.0  0.18816E+01
    59.0  0.18518E+01
    60.0  0.18301E+01
    61.0  0.18178E+01
    62.0  0.18090E+01
    63.0  0.17873E+01
    64.0  0.17707E+01
    65.0  0.17617E+01
    66.0  0.17593E+01
    67.0  0.17460E+01
    68.0  0.17171E+01
    69.0  0.17122E+01
    70.0  0.16949E+01
    71.0  0.16866E+01
    72.0  0.16691E+01
    73.0  0.16603E+01
    74.0  0.16477E+01
    75.0  0.16395E+01
    76.0  0.16381E+01
    77.0  0.16311E+01
    78.0  0.16115E+01
    79.0  0.16020E+01
    80.0  0.15886E+01
    81.0  0.15863E+01
    82.0  0.15721E+01
    83.0  0.15688E+01
    84.0  0.15612E+01
    85.0  0.15569E+01
    86.0  0.15398E+01
    87.0  0.15350E+01
    88.0  0.15194E+01
    89.0  0.15129E+01
    90.0  0.15096E+01
    91.0  0.14980E+01
    92.0  0.14843E+01
    93.0  0.14781E+01
    94.0  0.14746E+01
    95.0  0.14693E+01
    96.0  0.14539E+01
    97.0  0.14472E+01
    98.0  0.14423E+01
    99.0  0.14313E+01
   100.0  0.14238E+01
   101.0  0.14193E+01
   102.0  0.14111E+01
   103.0  0.14051E+01
   104.0  0.13986E+01
   105.0  0.13933E+01
   106.0  0.13888E+01
   107.0  0.13874E+01
   108.0  0.13753E+01
   109.0  0.13706E+01
   110.0  0.13644E+01
   111.0  0.13596E+01
   112.0  0.13483E+01
   113.0  0.13387E+01
   114.0  0.13336E+01
   115.0  0.13307E+01
   116.0  0.13220E+01
   117.0  0.13179E+01
   118.0  0.13104E+01
   119.0  0.13071E+01
   120.0  0.13041E+01
   121.0  0.13023E+01
   122.0  0.12970E+01
   123.0  0.12919E+01
   124.0  0.12829E+01
   125.0  0.12785E+01
   126.0  0.12706E+01
   127.0  0.12642E+01
   128.0  0.12614E+01
   129.0  0.12530E+01
   130.0  0.12489E+01
   131.0  0.12414E+01
   132.0  0.12312E+01
   133.0  0.12276E+01
   134.0  0.12199E+01
   135.0  0.12152E+01
   136.0  0.12105E+01
   137.0  0.12084E+01
   138.0  0.11993E+01
   139.0  0.11985E+01
   140.0  0.11937E+01
   141.0  0.11866E+01
   142.0  0.11795E+01
   143.0  0.11764E+01
   144.0  0.11758E+01
   145.0  0.11689E+01
   146.0  0.11638E+01
   147.0  0.11592E+01
   148.0  0.11577E+01
   149.0  0.11496E+01
   150.0  0.11455E+01
   151.0  0.11418E+01
   152.0  0.11350E+01
   153.0  0.11341E+01
   154.0  0.11287E+01
   155.0  0.11260E+01
   156.0  0.11254E+01
   157.0  0.11193E+01
   158.0  0.11154E+01
   159.0  0.11110E+01
   160.0  0.11061E+01
   161.0  0.11037E+01
   162.0  0.10996E+01
   163.0  0.10940E+01
   164.0  0.10881E+01
   165.0  0.10804E+01
   166.0  0.10744E+01
   167.0  0.10700E+01
   168.0  0.10651E+01
   169.0  0.10632E+01
   170.0  0.10615E+01
   171.0  0.10567E+01
   172.0  0.10465E+01
   173.0  0.10450E+01
   174.0  0.10434E+01
   175.0  0.10398E+01
   176.0  0.10322E+01
   177.0  0.10282E+01
   178.0  0.10239E+01
   179.0  0.10191E+01
   180.0  0.10162E+01
   181.0  0.10123E+01
   182.0  0.10094E+01
   183.0  0.10048E+01
   184.0  0.99797E+00
   185.0  0.99733E+00
   186.0  0.99499E+00
   187.0  0.99290E+00
   188.0  0.98875E+00
   189.0  0.98614E+00
   190.0  0.98305E+00
   191.0  0.97957E+00
   192.0  0.97690E+00
   193.0  0.97379E+00
   194.0  0.96892E+00
   195.0  0.96245E+00
   196.0  0.96082E+00
   197.0  0.95886E+00
   198.0  0.95696E+00
   199.0  0.95424E+00
   200.0  0.95027E+00
   201.0  0.94650E+00
   202.0  0.94469E+00
   203.0  0.94029E+00
   204.0  0.93573E+00
   205.0  0.93416E+00
   206.0  0.92867E+00
   207.0  0.92715E+00
   208.0  0.92373E+00
   209.0  0.91590E+00
   210.0  0.91284E+00
   211.0  0.91152E+00
   212.0  0.89911E+00
   213.0  0.89774E+00
   214.0  0.89579E+00
   215.0  0.89426E+00
   216.0  0.88863E+00
   217.0  0.88545E+00
   218.0  0.87750E+00
   219.0  0.87125E+00
   220.0  0.86383E+00
   221.0  0.84589E+00
   222.0  0.84018E+00
   223.0  0.83810E+00
   224.0  0.83477E+00
   225.0  0.83008E+00
   226.0  0.82395E+00
   227.0  0.80720E+00
   228.0  0.80057E+00
   229.0  0.79443E+00
   230.0  0.78034E+00
   231.0  0.77487E+00
   232.0  0.77097E+00
   233.0  0.76036E+00
   234.0  0.75189E+00
   235.0  0.75091E+00
   236.0  0.74412E+00
   237.0  0.74123E+00
   238.0  0.73678E+00
   239.0  0.73454E+00
   240.0  0.73033E+00
   241.0  0.72250E+00
   242.0  0.71984E+00
   243.0  0.71486E+00
   244.0  0.71112E+00
   245.0  0.70783E+00
   246.0  0.70174E+00
   247.0  0.70089E+00
   248.0  0.69653E+00
   249.0  0.69550E+00
   250.0  0.69315E+00
   251.0  0.68861E+00
   252.0  0.68442E+00
   253.0  0.68315E+00
   254.0  0.67730E+00
   255.0  0.67070E+00
   256.0  0.67002E+00
   257.0  0.66351E+00
   258.0  0.66164E+00
   259.0  0.65834E+00
   260.0  0.65653E+00
   261.0  0.65474E+00
   262.0  0.64263E+00
   263.0  0.63672E+00
   264.0  0.63295E+00
   265.0  0.63014E+00
   266.0  0.63001E+00
   267.0  0.62663E+00
   268.0  0.62646E+00
   269.0  0.61898E+00
   270.0  0.61350E+00
   271.0  0.61138E+00
   272.0  0.61061E+00
   273.0  0.60489E+00
   274.0  0.60059E+00
   275.0  0.59785E+00
   276.0  0.59244E+00
   277.0  0.58994E+00
   278.0  0.58895E+00
   279.0  0.58825E+00
   280.0  0.58711E+00
   281.0  0.58193E+00
   282.0  0.57534E+00
   283.0  0.57394E+00
   284.0  0.57272E+00
   285.0  0.57148E+00
   286.0  0.56965E+00
   287.0  0.56632E+00
   288.0  0.56390E+00
   289.0  0.55873E+00
   290.0  0.55311E+00
   291.0  0.55152E+00
   292.0  0.54695E+00
   293.0  0.54600E+00
   294.0  0.54104E+00
   295.0  0.54018E+00
   296.0  0.53690E+00
   297.0  0.53081E+00
