    54.500    0.000
    55.500    0.000
    56.500    0.000
    57.500    0.000
    58.500    0.000
    59.500    0.000
    60.500    0.000
    61.500    0.001
    62.500    0.001
    63.500    0.002
    64.500    0.004
    65.500    0.006
    66.500    0.009
    67.500    0.014
    68.500    0.020
    69.500    0.028
    70.500    0.036
    71.500    0.045
    72.500    0.057
    73.500    0.066
    74.500    0.077
    75.500    0.082
    76.500    0.086
    77.500    0.086
    78.500    0.080
    79.500    0.072
    80.500    0.061
    81.500    0.049
    82.500    0.038
    83.500    0.027
    84.500    0.019
    85.500    0.013
    86.500    0.007
    87.500    0.005
    88.500    0.003
    89.500    0.002
    90.500    0.001
    91.500    0.001
    92.500    0.000
    93.500    0.000
    94.500    0.000
