   2.0  0.0054
   3.0  0.0048
   4.0  0.0017
   5.0  0.0026
   6.0  0.0029
   7.0  0.0039
   8.0  0.0038
   9.0  0.0041
  10.0  0.0035
  11.0  0.0042
  12.0  0.0130
  13.0  0.0280
  14.0  0.0520
  15.0  0.0528
  16.0  0.0189
  17.0  0.0084
  18.0  0.0067
  19.0  0.0066
  20.0  0.0046
  21.0  0.0028
  22.0  0.0029
  23.0  0.0020
  24.0  0.0024
  25.0  0.0027
  26.0  0.0066
  27.0  0.0036
  28.0  0.0086
  29.0  0.0150
  30.0  0.0373
  31.0  0.0360
  32.0  0.0422
  33.0  0.0127
  34.0  0.0186
  35.0  0.0704
  36.0  0.0513
  37.0  0.0218
  38.0  0.0342
  39.0  0.0112
  40.0  0.0130
  41.0  0.0059
  42.0  0.0064
  43.0  0.0039
  44.0  0.0029
  45.0  0.0012
  46.0  0.0013
  47.0  0.0017
  48.0  0.0045
  49.0  0.0052
  50.0  0.0040
  51.0  0.0100
  52.0  0.0139
  53.0  0.0093
  54.0  0.0189
  55.0  0.0058
  56.0  0.0038
  57.0  0.0136
  58.0  0.0058
  59.0  0.0171
  60.0  0.0039
  61.0  0.0028
  62.0  0.0039
  63.0  0.0049
  64.0  0.0028
  65.0  0.0015
  66.0  0.0012
  67.0  0.0009
  68.0  0.0014
  69.0  0.0018
  70.0  0.0054
  71.0  0.0192
  72.0  0.0215
  73.0  0.0099
  74.0  0.0029
  75.0  0.0029
  76.0  0.0080
  77.0  0.0039
  78.0  0.0067
  79.0  0.0068
  80.0  0.0038
  81.0  0.0038
  82.0  0.0039
  83.0  0.0038
  84.0  0.0040
  85.0  0.0062
  86.0  0.0058
  87.0  0.0050
  88.0  0.0092
  89.0  0.0083
  90.0  0.0096
  91.0  0.0124
  92.0  0.0125
  93.0  0.0075
  94.0  0.0057
  95.0  0.0063
  96.0  0.0081
  97.0  0.0033
  98.0  0.0016
  99.0  0.0010
 100.0  0.0026
 101.0  0.0019
 102.0  0.0033
