 0.1171610
 0.1038342
 0.1064492
 0.0724101
 0.0648784
 0.0592930
 0.0562208
 0.0468466
 0.0409941
 0.0393615
 0.0296487
 0.0248499
 0.0223856
 0.0246139
 0.0201959
 0.0191073
 0.0147322
 0.0145080
 0.0133836
 0.0125170
 0.0104155
 0.0078952
 0.0080663
 0.0068975
 0.0054804
 0.0051032
 0.0045636
 0.0047537
 0.0039978
 0.0036111
 0.0028735
 0.0035391
 0.0033745
 0.0027351
 0.0028516
 0.0023295
 0.0017411
 0.0019472
 0.0012714
 0.0012445
 0.0011600
 0.0012824
 0.0013392
 0.0007755
 0.0008352
 0.0007297
 0.0004318
 0.0007034
 0.0005207
 0.0004894
 0.0002993
 0.0003539
 0.0001937
 0.0003080
 0.0001835
 0.0004799
 0.0002600
 0.0001580
 0.0001937
 0.0001398
 0.0001231
 0.0000830
 0.0001005
 0.0000532
 0.0001136
 0.0000808
 0.0001012
 0.0000379
 0.0000240
 0.0000524
 0.0000517
 0.0000189
 0.0000459
 0.0000102
 0.0000197
 0.0000153
 0.0000124
 0.0000138
 0.0000160
 0.0000058
 0.0000087
 0.0000182
 0.0000058
 0.0000080
 0.0000109
 0.0000036
 0.0000073
 0.0000044
 0.0000036
 0.0000051
 0.0000051
 0.0000015
 0.0000044
 0.0000022
 0.0000000
 0.0000007
 0.0000000
 0.0000000
 0.0000000
 0.0000000
 0.0000007
 0.0000022
 0.0000000
 0.0000000
 0.0000007
 0.0000022
 0.0000007
 0.0000000
 0.0000007
 0.0000000
 0.0000007
 0.0000007
 0.0000007
 0.0000000
 0.0000007
 0.0000000
 0.0000000
 0.0000007
 0.0000000
 0.0000000
 0.0000000
 0.0000000
 0.0000000
 0.0000000
 0.0000000
 0.0000000
 0.0000000
 0.0000000
 0.0000000
 0.0000000
 0.0000000
 0.0000000
 0.0000000
 0.0000000
 0.0000000
 0.0000000
 0.0000000
 0.0000000
 0.0000000
 0.0000000
 0.0000000
 0.0000000
 0.0000000
 0.0000000
 0.0000000
 0.0000000
 0.0000000
 0.0000000
 0.0000000
 0.0000000
 0.0000000
 0.0000000
 0.0000000
 0.0000000
 0.0000000
 0.0000000
 0.0000000
 0.0000000
 0.0000000
 0.0000000
 0.0000000
 0.0000000
 0.0000000
 0.0000000
 0.0000000
 0.0000000
 0.0000000
 0.0000000
 0.0000000
 0.0000000
 0.0000000
 0.0000000
 0.0000000
 0.0000000
 0.0000000
 0.0000000
 0.0000000
 0.0000000
 0.0000000
 0.0000000
 0.0000000
 0.0000000
 0.0000000
 0.0000000
 0.0000000
 0.0000000
 0.0000000
 0.0000000
 0.0000000
 0.0000000
 0.0000000
 0.0000000
 0.0000000
 0.0000000
 0.0000000
 0.0000000
 0.0000000
 0.0000000
 0.0000000
 0.0000000
 0.0000000
 0.0000000
 0.0000000
 0.0000000
 0.0000000
 0.0000000
 0.0000000
 0.0000000
 0.0000000
 0.0000000
 0.0000000
 0.0000000
 0.0000000
 0.0000000
 0.0000000
 0.0000000
 0.0000000
 0.0000000
 0.0000000
 0.0000000
 0.0000000
 0.0000000
 0.0000000
 0.0000000
 0.0000000
 0.0000000
 0.0000000
 0.0000000
 0.0000000
 0.0000000
 0.0000000
 0.0000000
 0.0000000
 0.0000000
 0.0000000
 0.0000000
 0.0000000
 0.0000000
 0.0000000
 0.0000000
 0.0000000
 0.0000000
 0.0000000
 0.0000000
 0.0000000
 0.0000000
 0.0000000
 0.0000000
 0.0000000
 0.0000000
 0.0000000
 0.0000000
 0.0000000
 0.0000000
 0.0000000
 0.0000000
 0.0000000
 0.0000000
 0.0000000
 0.0000000
 0.0000000
 0.0000000
 0.0000000
 0.0000000
 0.0000000
 0.0000000
 0.0000000
 0.0000000
 0.0000000
 0.0000000
 0.0000000
 0.0000000
 0.0000000
 0.0000000
 0.0000000
 0.0000000
 0.0000000
 0.0000000
 0.0000000
 0.0000000
 0.0000000
 0.0000000
 0.0000000
 0.0000000
 0.0000000
 0.0000000
 0.0000000
 0.0000000
 0.0000000
 0.0000000
 0.0000000
 0.0000000
 0.0000000
 0.0000000
 0.0000000
 0.0000000
 0.0000000
 0.0000000
 0.0000000
 0.0000000
 0.0000000
 0.0000000
 0.0000000
