   1.0   0.74250
   2.0   0.68750
   3.0   0.62250
   4.0   0.57500
   5.0   0.56000
   6.0   0.60250
   7.0   0.52750
   8.0   0.48750
   9.0   0.46250
  10.0   0.39250
  11.0   0.41250
  12.0   0.38750
  13.0   0.38000
  14.0   0.33750
  15.0   0.34000
  16.0   0.32250
  17.0   0.33750
  18.0   0.29750
  19.0   0.28000
  20.0   0.27000
  21.0   0.27750
  22.0   0.24250
  23.0   0.26750
  24.0   0.22000
  25.0   0.22000
  26.0   0.19000
  27.0   0.21750
  28.0   0.18750
  29.0   0.16500
  30.0   0.17750
  31.0   0.17500
  32.0   0.15750
  33.0   0.14750
  34.0   0.13250
  35.0   0.14750
  36.0   0.13250
  37.0   0.13000
  38.0   0.13250
  39.0   0.08500
  40.0   0.10250
  41.0   0.11500
  42.0   0.09750
  43.0   0.08250
  44.0   0.10000
  45.0   0.07000
  46.0   0.06250
  47.0   0.08250
  48.0   0.06250
  49.0   0.07250
  50.0   0.04500
  51.0   0.07250
  52.0   0.06500
  53.0   0.06250
  54.0   0.04500
  55.0   0.04750
  56.0   0.03500
  57.0   0.05000
  58.0   0.04750
  59.0   0.02500
  60.0   0.03000
  61.0   0.03750
  62.0   0.04750
  63.0   0.02250
  64.0   0.02500
  65.0   0.01250
  66.0   0.02750
  67.0   0.01500
  68.0   0.03500
  69.0   0.03000
  70.0   0.01500
  71.0   0.01500
  72.0   0.01250
  73.0   0.02250
  74.0   0.00750
  75.0   0.00750
  76.0   0.00750
  77.0   0.02000
  78.0   0.00500
  79.0   0.01000
  80.0   0.00500
  81.0   0.01000
  82.0   0.00250
  83.0   0.00500
  84.0   0.00750
  85.0   0.01250
  86.0   0.00750
  87.0   0.00500
  88.0   0.00750
  89.0   0.00250
  90.0   0.00250
  91.0   0.00500
  92.0   0.00500
  93.0   0.00500
  94.0   0.00250
  95.0   0.01250
  96.0   0.01000
  97.0   0.00250
  98.0   0.00000
  99.0   0.00250
 100.0   0.00500
 101.0   0.00000
 102.0   0.00000
 103.0   0.00000
 104.0   0.00000
 105.0   0.00000
 106.0   0.00000
 107.0   0.00000
 108.0   0.00000
 109.0   0.00500
 110.0   0.00000
 111.0   0.00250
 112.0   0.00000
 113.0   0.00500
 114.0   0.00000
 115.0   0.00000
 116.0   0.00000
 117.0   0.00000
 118.0   0.00500
 119.0   0.00000
 120.0   0.00000
 121.0   0.00000
 122.0   0.00000
 123.0   0.00000
 124.0   0.00000
 125.0   0.00000
 126.0   0.00000
 127.0   0.00000
 128.0   0.00000
 129.0   0.00000
 130.0   0.00000
 131.0   0.00000
 132.0   0.00000
 133.0   0.00000
 134.0   0.00000
 135.0   0.00000
 136.0   0.00250
 137.0   0.00000
 138.0   0.00000
 139.0   0.00000
 140.0   0.00250
 141.0   0.00000
 142.0   0.00000
 143.0   0.00000
 144.0   0.00000
 145.0   0.00000
 146.0   0.00000
 147.0   0.00000
 148.0   0.00000
 149.0   0.00000
 150.0   0.00000
 151.0   0.00000
 152.0   0.00000
 153.0   0.00000
 154.0   0.00000
 155.0   0.00000
 156.0   0.00000
 157.0   0.00000
 158.0   0.00000
 159.0   0.00000
 160.0   0.00000
 161.0   0.00000
 162.0   0.00000
 163.0   0.00000
 164.0   0.00000
 165.0   0.00000
 166.0   0.00000
 167.0   0.00000
 168.0   0.00000
 169.0   0.00000
 170.0   0.00000
 171.0   0.00000
 172.0   0.00000
 173.0   0.00000
 174.0   0.00000
 175.0   0.00000
 176.0   0.00000
 177.0   0.00000
 178.0   0.00000
 179.0   0.00000
 180.0   0.00000
 181.0   0.00000
 182.0   0.00000
 183.0   0.00000
 184.0   0.00000
 185.0   0.00000
 186.0   0.00000
 187.0   0.00000
 188.0   0.00000
 189.0   0.00000
 190.0   0.00000
 191.0   0.00000
 192.0   0.00000
 193.0   0.00000
 194.0   0.00000
 195.0   0.00000
 196.0   0.00000
 197.0   0.00000
 198.0   0.00000
 199.0   0.00000
 200.0   0.00000
 201.0   0.00000
 202.0   0.00000
 203.0   0.00000
 204.0   0.00000
 205.0   0.00000
 206.0   0.00000
 207.0   0.00000
 208.0   0.00000
 209.0   0.00000
 210.0   0.00000
 211.0   0.00000
 212.0   0.00000
 213.0   0.00000
 214.0   0.00000
 215.0   0.00000
 216.0   0.00000
 217.0   0.00000
 218.0   0.00000
 219.0   0.00000
 220.0   0.00000
 221.0   0.00000
 222.0   0.00000
 223.0   0.00000
 224.0   0.00000
 225.0   0.00000
 226.0   0.00000
 227.0   0.00000
 228.0   0.00000
 229.0   0.00000
 230.0   0.00000
 231.0   0.00000
 232.0   0.00000
 233.0   0.00000
 234.0   0.00000
 235.0   0.00000
 236.0   0.00000
 237.0   0.00000
 238.0   0.00000
 239.0   0.00000
 240.0   0.00000
 241.0   0.00000
 242.0   0.00000
 243.0   0.00000
 244.0   0.00000
 245.0   0.00000
 246.0   0.00000
 247.0   0.00000
 248.0   0.00000
 249.0   0.00000
 250.0   0.00000
 251.0   0.00000
 252.0   0.00000
 253.0   0.00000
 254.0   0.00000
 255.0   0.00000
 256.0   0.00000
 257.0   0.00000
 258.0   0.00000
 259.0   0.00000
 260.0   0.00000
 261.0   0.00000
 262.0   0.00000
 263.0   0.00000
 264.0   0.00000
 265.0   0.00000
 266.0   0.00000
 267.0   0.00000
 268.0   0.00000
 269.0   0.00000
 270.0   0.00000
 271.0   0.00000
 272.0   0.00000
 273.0   0.00000
 274.0   0.00000
 275.0   0.00000
 276.0   0.00000
 277.0   0.00000
 278.0   0.00000
 279.0   0.00000
 280.0   0.00000
 281.0   0.00000
 282.0   0.00000
 283.0   0.00000
 284.0   0.00000
 285.0   0.00000
 286.0   0.00000
 287.0   0.00000
 288.0   0.00000
 289.0   0.00000
 290.0   0.00000
 291.0   0.00000
 292.0   0.00000
 293.0   0.00000
 294.0   0.00000
 295.0   0.00000
 296.0   0.00000
 297.0   0.00000
 298.0   0.00000
 299.0   0.00000
 300.0   0.00000
 301.0   0.00000
 302.0   0.00000
 303.0   0.00000
