6.12985
12.68382
15.45548
16.98245
20.78053
21.86268
24.6043
24.89303
26.9664
28.6557
28.82118
30.15576
30.7934
32.27658
33.61364
34.55059
35.90213
35.98624
37.5895
39.90407
40.45932
41.1008
42.74285
43.84858
44.84243
45.41618
45.7244
46.38677
47.83341
48.84378
49.59292
51.23176
52.13187
55.18108
54.06514
56.77116
56.70985
57.48785
59.7559
60.30546
61.40689
63.82841
62.71644
64.48908
66.09488
67.15346
65.88905
67.23783
69.76934
69.40571
70.81398
74.9991
75.0652
76.46801
78.37662
77.12539
78.18893
80.33827
80.93849
82.00279
84.87144
88.53043
87.43902
89.13198
86.93865
90.88359
95.54197
93.95581
96.59298
93.25096
98.18135
95.29463
99.16348
101.60748
105.49941
99.90141
102.75378
104.73885
111.3549
106.96311
108.58359
110.84195
114.57304
121.19203
115.19449
119.30525
126.44021
118.23743
119.69769
122.89099
130.25845
124.93823
123.74293
135.84843
130.81892
129.69483
132.66301
139.46254
137.25302
140.20077
136.52262
145.45869
150.87531
147.72824
147.00642
152.87991
144.2064
147.50876
157.83276
155.02446
158.88074
141.92798
163.31512
190.89924
164.95795
177.54601
168.8448
174.00265
162.62088
188.95027
166.04079
184.78057
174.99827
171.85412
202.86969
170.28427
180.80626
189.57671
220.38657
194.71864
249.94218
200.91458
199.66338
205.43201
191.83409
235.09311
209.35495
213.05453
247.44462
214.41183
230.45608
277.142
222.90023
224.38009
209.87572
232.36975
231.38481
237.20714
270.04078
263.466
219.31795
281.66445
257.12272
253.91944
246.08608
243.66484
265.48213
275.38644
316.6495
257.91164
289.47346
325.57525
294.56953
300.9948
286.24912
306.7478
295.49665
300.36944
310.45636
312.71759
330.88071
348.68664
352.77424
346.74245
331.30715
382.1978
392.30923
403.76965
363.20666
404.43132
434.00245
379.29974
389.49281
428.39143
425.12353
354.08147
508.63489
557.16424
318.27148
394.42404
412.03173
482.48704
471.34291
514.20278
459.08275
562.32566
500.03762
451.24162
370.80745
442.19447
564.65025
649.51392
775.58833
466.56964
488.2967
662.87573
589.95052
421.70038
538.23301
575.18609
786.41696
504.66046
1047.98607
603.03921
587.43466
924.3836
1014.31011
525.73104
935.56659
654.38404
903.56757
847.10188
723.42296
705.05781
2266.10181
973.24534
1689.03025
811.89201
707.9346
1746.84824
684.98501
1307.39987
1362.54156
1432.57067
1376.6531
796.34353
1268.76149
603.54277
627.71382
835.72979
778.20364
1077.46686
1595.43146
1034.62985
1027.06527
863.87187
690.49092
906.58653
2046.93968
875.00717
1141.37805
1807.88882
998.2234
1498.5767
951.05492
1171.09992
1330.54361
1258.1749
1463.96095
2014.9433
1089.7114
1945.67353
720.85831
982.89558
2290.71902
608.14292
744.63388
1824.4166
1181.18463
2908.6696
1344.03384
760.93372
2205.47984
1568.29213
641.00142
1241.03726
1106.88965
892.74525
1409.24127
1868.36501
1066.56887
821.02403
1710.2899
1753.48465
1229.91243
731.7302
898.74549
547.18569
663.58094
2458.86539
356.17659
338.37674
180.40828
237.96091
204.30246
217.29341
113.4663
