254
34
223
284
240
285
232
262
271
155
111
1
101
224
261
142
72
15
117
128
12
270
80
49
115
194
210
227
47
265
278
167
292
87
204
98
289
209
170
205
267
8
258
159
222
215
105
273
3
198
7
264
85
286
216
181
152
168
113
263
119
136
143
217
9
132
297
293
32
22
197
38
100
4
241
42
14
36
5
281
28
171
296
208
226
211
10
188
39
268
295
242
178
126
2
23
245
25
291
275
251
250
206
76
18
27
65
63
57
56
190
199
212
288
231
17
16
48
29
11
110
166
13
255
79
20
257
51
220
35
6
193
234
120
52
174
274
46
195
70
219
66
26
19
279
71
41
246
62
192
64
31
75
244
21
54
59
92
290
60
102
44
259
40
213
61
53
90
131
233
99
96
89
249
106
81
145
277
33
107
37
84
67
94
83
30
127
148
58
103
43
88
276
77
114
24
82
69
139
121
55
134
283
161
129
201
122
239
93
74
133
118
228
158
202
137
144
156
91
112
108
97
147
229
160
149
253
186
124
109
218
73
50
175
86
95
116
172
189
138
141
146
104
282
182
135
140
247
150
78
184
183
154
196
187
243
176
130
45
185
169
235
238
164
123
180
260
177
151
266
221
68
163
252
294
157
162
173
207
125
203
200
256
153
165
269
280
179
287
225
237
214
272
236
230
248
191
