973.24534
54.06514
641.00142
1710.2899
796.34353
1746.84824
720.85831
1077.46686
1268.76149
249.94218
155.02446
6.12985
139.46254
649.51392
1066.56887
219.31795
98.18135
33.61364
166.04079
189.57671
30.15576
1258.1749
108.58359
69.40571
163.31512
412.03173
525.73104
663.58094
67.15346
1141.37805
1432.57067
294.56953
2046.93968
119.30525
482.48704
135.84843
1868.36501
514.20278
300.9948
488.2967
1181.18463
24.89303
1027.06527
263.466
627.71382
564.65025
145.45869
1330.54361
15.45548
434.00245
24.6043
1106.88965
115.19449
1753.48465
575.18609
348.68664
243.66484
295.49665
158.88074
1089.7114
170.28427
205.43201
220.38657
587.43466
26.9664
199.66338
2908.6696
2205.47984
51.23176
41.1008
428.39143
57.48785
137.25302
16.98245
811.89201
62.71644
32.27658
56.70985
20.78053
1568.29213
46.38677
306.7478
2458.86539
508.63489
662.87573
538.23301
28.6557
382.1978
59.7559
1229.91243
2290.71902
821.02403
331.30715
184.78057
12.68382
42.74285
863.87187
44.84243
2014.9433
1362.54156
924.3836
906.58653
500.03762
102.75378
35.98624
45.7244
89.13198
87.43902
78.37662
78.18893
392.30923
442.19447
547.18569
1824.4166
707.9346
35.90213
34.55059
67.23783
47.83341
28.82118
152.87991
289.47346
30.7934
982.89558
106.96311
39.90407
1014.31011
70.81398
603.54277
55.18108
21.86268
404.43132
731.7302
171.85412
74.9991
316.6495
1344.03384
66.09488
421.70038
95.54197
603.03921
90.88359
45.41618
37.5895
1463.96095
96.59298
61.40689
875.00717
86.93865
403.76965
88.53043
49.59292
101.60748
847.10188
40.45932
76.46801
80.93849
124.93823
1945.67353
82.00279
140.20077
64.48908
1034.62985
60.30546
557.16424
84.87144
75.0652
122.89099
194.71864
723.42296
136.52262
130.81892
121.19203
903.56757
147.00642
110.84195
224.38009
1409.24127
52.13187
147.50876
56.77116
114.57304
93.25096
129.69483
113.4663
48.84378
188.95027
232.36975
80.33827
141.92798
63.82841
119.69769
1376.6531
104.73885
162.62088
43.84858
111.3549
95.29463
213.05453
174.00265
77.12539
202.86969
1689.03025
270.04078
190.89924
459.08275
174.99827
786.41696
126.44021
99.90141
200.91458
168.8448
684.98501
257.91164
466.56964
209.35495
222.90023
253.91944
123.74293
157.83276
147.72824
132.66301
231.38481
690.49092
265.48213
235.09311
951.05492
370.80745
180.40828
150.87531
589.95052
99.16348
69.76934
318.27148
118.23743
130.25845
164.95795
310.45636
389.49281
209.87572
217.29341
230.45608
144.2064
1595.43146
352.77424
204.30246
214.41183
892.74525
237.20714
105.49941
356.17659
354.08147
247.44462
425.12353
379.29974
835.72979
325.57525
191.83409
65.88905
363.20666
300.36944
744.63388
778.20364
281.66445
177.54601
346.74245
1047.98607
330.88071
237.96091
1171.09992
608.14292
93.95581
277.142
935.56659
2266.10181
257.12272
275.38644
312.71759
504.66046
180.80626
471.34291
451.24162
998.2234
246.08608
286.24912
1241.03726
1498.5767
338.37674
1807.88882
654.38404
775.58833
562.32566
1307.39987
760.93372
705.05781
898.74549
394.42404
